     1
     2
    17
    82
   257
   626
  1297
  2402
  4097
  6562
 10001
 14642
 20737
 28562
 38417
 50626
 65537
 83522
104977
130322
160001
194482
234257
279842
331777
390626
456977
531442
614657
707282
810001
923522
1048577
1185922
1336337
1500626
1679617
1874162
2085137
2313442
2560001
2825762
3111697
3418802
3748097
4100626
4477457
4879682
5308417
5764802
6250001
6765202
7311617
7890482
8503057
9150626
9834497
10556002
11316497
12117362
12960001
13845842
14776337
15752962
16777217
17850626
18974737
20151122
21381377
22667122
24010001
25411682
26873857
28398242
29986577
31640626
33362177
35153042
37015057
38950082
40960001
43046722
45212177
47458322
49787137
52200626
54700817
57289762
59969537
62742242
65610001
68574962
71639297
74805202
78074897
81450626
84934657
88529282
92236817
96059602
100000001
104060402
108243217
112550882
116985857
121550626
126247697
131079602
136048897
141158162
146410001
151807042
157351937
163047362
168896017
174900626
181063937
187388722
193877777
200533922
207360001
214358882
221533457
228886642
236421377
244140626
252047377
260144642
268435457
276922882
285610001
294499922
303595777
312900722
322417937
332150626
342102017
352275362
362673937
373301042
384160001
395254162
406586897
418161602
429981697
442050626
454371857
466948882
479785217
492884402
506250001
519885602
533794817
547981282
562448657
577200626
592240897
607573202
623201297
639128962
655360001
671898242
688747537
705911762
723394817
741200626
759333137
777796322
796594177
815730722
835210001
855036082
875213057
895745042
916636177
937890626
959512577
981506242
1003875857
1026625682
1049760001
1073283122
1097199377
1121513122
1146228737
1171350626
1196883217
1222830962
1249198337
1275989842
1303210001
1330863362
1358954497
1387488002
1416468497
1445900626
1475789057
1506138482
1536953617
1568239202
1600000001
1632240802
1664966417
1698181682
1731891457
1766100626
1800814097
1836036802
1871773697
1908029762
1944810001
1982119442
2019963137
2058346162
2097273617
2136750626
2176782337
2217373922
2258530577
2300257522
2342560001
2385443282
2428912657
2472973442
2517630977
2562890626
2608757777
2655237842
2702336257
2750058482
2798410001
2847396322
2897022977
2947295522
2998219537
3049800626
3102044417
3154956562
3208542737
3262808642
3317760001
3373402562
3429742097
3486784402
3544535297
3603000626
3662186257
3722098082
3782742017
3844124002
3906250001
3969126002
4032758017
4097152082
4162314257
4228250626
4294967297
4362470402
4430766097
4499860562
4569760001
4640470642
4711998737
4784350562
4857532417
4931550626
5006411537
5082121522
5158686977
5236114322
5314410001
5393580482
5473632257
5554571842
5636405777
5719140626
5802782977
5887339442
5972816657
6059221282
6146560001
6234839522
6324066577
6414247922
6505390337
6597500626
6690585617
6784652162
6879707137
6975757442
7072810001
7170871762
7269949697
7370050802
7471182097
7573350626
7676563457
7780827682
7886150417
7992538802
8100000001
8208541202
8318169617
8428892482
8540717057
8653650626
8767700497
8882874002
8999178497
9116621362
9235210001
9354951842
9475854337
9597924962
9721171217
9845600626
9971220737
10098039122
10226063377
10355301122
10485760001
10617447682
10750371857
10884540242
11019960577
11156640626
11294588177
11433811042
11574317057
11716114082
11859210001
12003612722
12149330177
12296370322
12444741137
12594450626
12745506817
12897917762
13051691537
13206836242
13363360001
13521270962
13680577297
13841287202
14003408897
14166950626
14331920657
14498327282
14666178817
14835483602
15006250001
15178486402
15352201217
15527402882
15704099857
15882300626
16062013697
16243247602
16426010897
16610312162
16796160001
16983563042
17172529937
17363069362
17555190017
17748900626
17944209937
18141126722
18339659777
18539817922
18741610001
18945044882
19150131457
19356878642
19565295377
19775390626
19987173377
20200652642
20415837457
20632736882
20851360001
21071715922
21293813777
21517662722
21743271937
21970650626
22199808017
22430753362
22663495937
22898045042
23134410001
23372600162
23612624897
23854493602
24098215697
24343800626
24591257857
24840596882
25091827217
25344958402
25600000001
25856961602
26115852817
26376683282
26639462657
26904200626
27170906897
27439591202
27710263297
27982932962
28257610001
28534304242
28813025537
29093783762
29376588817
29661450626
29948379137
30237384322
30528476177
30821664722
31116960001
31414372082
31713911057
32015587042
32319410177
32625390626
32933538577
33243864242
33556377857
33871089682
34188010001
34507149122
34828517377
35152125122
35477982737
35806100626
36136489217
36469158962
36804120337
37141383842
37480960001
37822859362
38167092497
38513670002
38862602497
39213900626
39567575057
39923636482
40282095617
40642963202
41006250001
41371966802
41740124417
42110733682
42483805457
42859350626
43237380097
43617904802
44000935697
44386483762
44774560001
45165175442
45558341137
45954068162
46352367617
46753250626
47156728337
47562811922
47971512577
48382841522
48796810001
49213429282
49632710657
50054665442
50479304977
50906640626
51336683777
51769445842
52204938257
52643172482
53084160001
53527912322
53974440977
54423757522
54875873537
55330800626
55788550417
56249134562
56712564737
57178852642
57648010001
58120048562
58594980097
59072816402
59553569297
60037250626
60523872257
61013446082
61505984017
62001498002
62500000001
63001502002
63506016017
64013554082
64524128257
65037750626
65554433297
66074188402
66597028097
67122964562
67652010001
68184176642
68719476737
69257922562
69799526417
70344300626
70892257537
71443409522
71997768977
72555348322
73116160001
73680216482
74247530257
74818113842
75391979777
75969140626
76549608977
77133397442
77720518657
78310985282
78904810001
79502005522
80102584577
80706559922
81313944337
81924750626
82538991617
83156680162
83777829137
84402451442
85030560001
85662167762
86297287697
86935932802
87578116097
88223850626
88873149457
89526025682
90182492417
90842562802
91506250001
92173567202
92844527617
93519144482
94197431057
94879400626
95565066497
96254442002
96947540497
97644375362
98344960001
99049307842
99757432337
100469346962
101185065217
101904600626
102627966737
103355177122
104086245377
104821185122
105560010001
106302733682
107049369857
107799932242
108554434577
109312890626
110075314177
110841719042
111612119057
112386528082
113164960001
113947428722
114733948177
115524532322
116319195137
117117950626
117920812817
118727795762
119538913537
120354180242
121173610001
121997216962
122825015297
123657019202
124493242897
125333700626
126178406657
127027375282
127880620817
128738157602
129600000001
130466162402
131336659217
132211504882
133090713857
133974300626
134862279697
135754665602
136651472897
137552716162
138458410001
139368569042
140283207937
141202341362
142125984017
143054150626
143986855937
144924114722
145865941777
146812351922
147763360001
148718980882
149679229457
150644120642
151613669377
152587890626
153566799377
154550410642
155538739457
156531800882
157529610001
158532181922
159539531777
160551674722
161568625937
162590400626
163617014017
164648481362
165684817937
166726039042
167772160001
168823196162
169879162897
170940075602
172005949697
173076800626
174152643857
175233494882
176319369217
177410282402
178506250001
179607287602
180713410817
181824635282
182940976657
184062450626
185189072897
186320859202
187457825297
188599986962
189747360001
190899960242
192057803537
193220905762
194389282817
195562950626
196741925137
197926222322
199115858177
200310848722
201511210001
202716958082
203928109057
205144679042
206366684177
207594140626
208827064577
210065472242
211309379857
212558803682
213813760001
215074265122
216340335377
217611987122
218889236737
220172100626
221460595217
222754736962
224054542337
225360027842
226671210001
227988105362
229310730497
230639102002
231973236497
233313150626
234658861057
236010384482
237367737617
238730937202
240100000001
241474942802
242855782417
244242535682
245635219457
247033850626
248438446097
249849022802
251265597697
252688187762
254116810001
255551481442
256992219137
258439040162
259891961617
261351000626
262816174337
264287499922
265764994577
267248675522
268738560001
270234665282
271737008657
273245607442
274760478977
276281640626
277809109777
279342903842
280883040257
282429536482
283982410001
285541678322
287107358977
288679469522
290258027537
291843050626
293434556417
295032562562
296637086737
298248146642
299865760001
301489944562
303120718097
304758098402
306402103297
308052750626
309710058257
311374044082
313044726017
314722122002
316406250001
318097128002
319794774017
321499206082
323210442257
324928500626
326653399297
328385156402
330123790097
331869318562
333621760001
335381132642
337147454737
338920744562
340701020417
342488300626
344282603537
346083947522
347892350977
349707832322
351530410001
353360102482
355196928257
357040905842
358892053777
360750390626
362615934977
364488705442
366368720657
368255999282
370150560001
372052421522
373961602577
375878121922
377801998337
379733250626
381671897617
383617958162
385571451137
387532395442
389500810001
391476713762
393460125697
395451064802
397449550097
399455600626
401469235457
403490473682
405519334417
407555836802
409600000001
411651843202
413711385617
415778646482
417853645057
419936400626
422026932497
424125260002
426231402497
428345379362
430467210001
432596913842
434734510337
436880018962
439033459217
441194850626
443364212737
445541565122
447726927377
449920319122
452121760001
454331269682
456548867857
458774574242
461008408577
463250390626
465500540177
467758877042
470025421057
472300192082
474583210001
476874494722
479174066177
481481944322
483798149137
486122700626
488455618817
490796923762
493146635537
495504774242
497871360001
500246412962
502629953297
505022001202
507422576897
509831700626
512249392657
514675673282
517110562817
519554081602
522006250001
524467088402
526936617217
529414856882
531901827857
534397550626
536902045697
539415333602
541937434897
544468370162
547008160001
549556825042
552114385937
554680863362
557256278017
559840650626
562434001937
565036352722
567647723777
570268135922
572897610001
575536166882
578183827457
580840612642
583506543377
586181640626
588865925377
591559418642
594262141457
596974114882
599695360001
602425897922
605165749777
607914936722
610673479937
613441400626
616218720017
619005459362
621801639937
624607283042
627422410001
630247042162
633081200897
635924907602
638778183697
641641050626
644513529857
647395642882
650287411217
653188856402
656100000001
659020863602
661951468817
664891837282
667841990657
670801950626
673771738897
676751377202
679740887297
682740290962
685749610001
688768866242
691798081537
694837277762
697886476817
700945700626
704014971137
707094310322
710183740177
713283282722
716392960001
719512794082
722642807057
725783021042
728933458177
732094140626
735265090577
738446330242
741637881857
744839767682
748052010001
751274631122
754507653377
757751099122
761004990737
764269350626
767544201217
770829564962
774125464337
777431921842
780748960001
784076601362
787414868497
790763784002
794123370497
797493650626
800874647057
804266382482
807668879617
811082161202
814506250001
817941168802
821386940417
824843587682
828311133457
831789600626
835279012097
838779390802
842290759697
845813141762
849346560001
852891037442
856446597137
860013262162
863591055617
867180000626
870780120337
874391437922
878013976577
881647759522
885292810001
888949151282
892616806657
896295799442
899986152977
903687890626
907401035777
911125611842
914861642257
918609150482
922368160001
926138694322
929920776977
933714431522
937519681537
941336550626
945165062417
949005240562
952857108737
956720690642
960596010001
964483090562
968381956097
972292630402
976215137297
980149500626
984095744257
988053892082
992023968017
996005996002
1000000000001
