     1
     6
    21
    52
   105
   186
   301
   456
   657
   910
  1221
  1596
  2041
  2562
  3165
  3856
  4641
  5526
  6517
  7620
  8841
 10186
 11661
 13272
 15025
 16926
 18981
 21196
 23577
 26130
 28861
 31776
 34881
 38182
 41685
 45396
 49321
 53466
 57837
 62440
 67281
 72366
 77701
 83292
 89145
 95266
101661
108336
115297
122550
130101
137956
146121
154602
163405
172536
182001
191806
201957
212460
223321
234546
246141
258112
270465
283206
296341
309876
323817
338170
352941
368136
383761
399822
416325
433276
450681
468546
486877
505680
524961
544726
564981
585732
606985
628746
651021
673816
697137
720990
745381
770316
795801
821842
848445
875616
903361
931686
960597
990100
1020201
1050906
1082221
1114152
1146705
1179886
1213701
1248156
1283257
1319010
1355421
1392496
1430241
1468662
1507765
1547556
1588041
1629226
1671117
1713720
1757041
1801086
1845861
1891372
1937625
1984626
2032381
2080896
2130177
2180230
2231061
2282676
2335081
2388282
2442285
2497096
2552721
2609166
2666437
2724540
2783481
2843266
2903901
2965392
3027745
3090966
3155061
3220036
3285897
3352650
3420301
3488856
3558321
3628702
3700005
3772236
3845401
3919506
3994557
4070560
4147521
4225446
4304341
4384212
4465065
4546906
4629741
4713576
4798417
4884270
4971141
5059036
5147961
5237922
5328925
5420976
5514081
5608246
5703477
5799780
5897161
5995626
6095181
6195832
6297585
6400446
6504421
6609516
6715737
6823090
6931581
7041216
7152001
7263942
7377045
7491316
7606761
7723386
7841197
7960200
8080401
8201806
8324421
8448252
8573305
8699586
8827101
8955856
9085857
9217110
9349621
9483396
9618441
9754762
9892365
10031256
10171441
10312926
10455717
10599820
10745241
10891986
11040061
11189472
11340225
11492326
11645781
11800596
11956777
12114330
12273261
12433576
12595281
12758382
12922885
13088796
13256121
13424866
13595037
13766640
13939681
14114166
14290101
14467492
14646345
14826666
15008461
15191736
15376497
15562750
15750501
15939756
16130521
16322802
16516605
16711936
16908801
17107206
17307157
17508660
17711721
17916346
18122541
18330312
18539665
18750606
18963141
19177276
19393017
19610370
19829341
20049936
20272161
20496022
20721525
20948676
21177481
21407946
21640077
21873880
22109361
22346526
22585381
22825932
23068185
23312146
23557821
23805216
24054337
24305190
24557781
24812116
25068201
25326042
25585645
25847016
26110161
26375086
26641797
26910300
27180601
27452706
27726621
28002352
28279905
28559286
28840501
29123556
29408457
29695210
29983821
30274296
30566641
30860862
31156965
31454956
31754841
32056626
32360317
32665920
32973441
33282886
33594261
33907572
34222825
34540026
34859181
35180296
35503377
35828430
36155461
36484476
36815481
37148482
37483485
37820496
38159521
38500566
38843637
39188740
39535881
39885066
40236301
40589592
40944945
41302366
41661861
42023436
42387097
42752850
43120701
43490656
43862721
44236902
44613205
44991636
45372201
45754906
46139757
46526760
46915921
47307246
47700741
48096412
48494265
48894306
49296541
49700976
50107617
50516470
50927541
51340836
51756361
52174122
52594125
53016376
53440881
53867646
54296677
54727980
55161561
55597426
56035581
56476032
56918785
57363846
57811221
58260916
58712937
59167290
59623981
60083016
60544401
61008142
61474245
61942716
62413561
62886786
63362397
63840400
64320801
64803606
65288821
65776452
66266505
66758986
67253901
67751256
68251057
68753310
69258021
69765196
70274841
70786962
71301565
71818656
72338241
72860326
73384917
73912020
74441641
74973786
75508461
76045672
76585425
77127726
77672581
78219996
78769977
79322530
79877661
80435376
80995681
81558582
82124085
82692196
83262921
83836266
84412237
84990840
85572081
86155966
86742501
87331692
87923545
88518066
89115261
89715136
90317697
90922950
91530901
92141556
92754921
93371002
93989805
94611336
95235601
95862606
96492357
97124860
97760121
98398146
99038941
99682512
100328865
100978006
101629941
102284676
102942217
103602570
104265741
104931736
105600561
106272222
106946725
107624076
108304281
108987346
109673277
110362080
111053761
111748326
112445781
113146132
113849385
114555546
115264621
115976616
116691537
117409390
118130181
118853916
119580601
120310242
121042845
121778416
122516961
123258486
124002997
124750500
125501001
126254506
127011021
127770552
128533105
129298686
130067301
130838956
131613657
132391410
133172221
133956096
134743041
135533062
136326165
137122356
137921641
138724026
139529517
140338120
141149841
141964686
142782661
143603772
144428025
145255426
146085981
146919696
147756577
148596630
149439861
150286276
151135881
151988682
152844685
153703896
154566321
155431966
156300837
157172940
158048281
158926866
159808701
160693792
161582145
162473766
163368661
164266836
165168297
166073050
166981101
167892456
168807121
169725102
170646405
171571036
172499001
173430306
174364957
175302960
176244321
177189046
178137141
179088612
180043465
181001706
181963341
182928376
183896817
184868670
185843941
186822636
187804761
188790322
189779325
190771776
191767681
192767046
193769877
194776180
195785961
196799226
197815981
198836232
199859985
200887246
201918021
202952316
203990137
205031490
206076381
207124816
208176801
209232342
210291445
211354116
212420361
213490186
214563597
215640600
216721201
217805406
218893221
219984652
221079705
222178386
223280701
224386656
225496257
226609510
227726421
228846996
229971241
231099162
232230765
233366056
234505041
235647726
236794117
237944220
239098041
240255586
241416861
242581872
243750625
244923126
246099381
247279396
248463177
249650730
250842061
252037176
253236081
254438782
255645285
256855596
258069721
259287666
260509437
261735040
262964481
264197766
265434901
266675892
267920745
269169466
270422061
271678536
272938897
274203150
275471301
276743356
278019321
279299202
280583005
281870736
283162401
284458006
285757557
287061060
288368521
289679946
290995341
292314712
293638065
294965406
296296741
297632076
298971417
300314770
301662141
303013536
304368961
305728422
307091925
308459476
309831081
311206746
312586477
313970280
315358161
316750126
318146181
319546332
320950585
322358946
323771421
325188016
326608737
328033590
329462581
330895716
332333001
333774442
335220045
336669816
338123761
339581886
341044197
342510700
343981401
345456306
346935421
348418752
349906305
351398086
352894101
354394356
355898857
357407610
358920621
360437896
361959441
363485262
365015365
366549756
368088441
369631426
371178717
372730320
374286241
375846486
377411061
378979972
380553225
382130826
383712781
385299096
386889777
388484830
390084261
391688076
393296281
394908882
396525885
398147296
399773121
401403366
403038037
404677140
406320681
407968666
409621101
411277992
412939345
414605166
416275461
417950236
419629497
421313250
423001501
424694256
426391521
428093302
429799605
431510436
433225801
434945706
436670157
438399160
440132721
441870846
443613541
445360812
447112665
448869106
450630141
452395776
454166017
455940870
457720341
459504436
461293161
463086522
464884525
466687176
468494481
470306446
472123077
473944380
475770361
477601026
479436381
481276432
483121185
484970646
486824821
488683716
490547337
492415690
494288781
496166616
498049201
499936542
501828645
503725516
505627161
507533586
509444797
511360800
513281601
515207206
517137621
519072852
521012905
522957786
524907501
526862056
528821457
530785710
532754821
534728796
536707641
538691362
540679965
542673456
544671841
546675126
548683317
550696420
552714441
554737386
556765261
558798072
560835825
562878526
564926181
566978796
569036377
571098930
573166461
575238976
577316481
579398982
581486485
583578996
585676521
587779066
589886637
591999240
594116881
596239566
598367301
600500092
602637945
604780866
606928861
609081936
611240097
613403350
615571701
617745156
619923721
622107402
624296205
626490136
628689201
630893406
633102757
635317260
637536921
639761746
641991741
644226912
646467265
648712806
650963541
653219476
655480617
657746970
660018541
662295336
664577361
666864622
669157125
671454876
673757881
676066146
678379677
680698480
683022561
685351926
687686581
690026532
692371785
694722346
697078221
699439416
701805937
704177790
706554981
708937516
711325401
713718642
716117245
718521216
720930561
723345286
725765397
728190900
730621801
733058106
735499821
737946952
740399505
742857486
745320901
747789756
750264057
752743810
755229021
757719696
760215841
762717462
765224565
767737156
770255241
772778826
775307917
777842520
780382641
782928286
785479461
788036172
790598425
793166226
795739581
798318496
800902977
803493030
806088661
808689876
811296681
813909082
816527085
819150696
821779921
824414766
827055237
829701340
832353081
835010466
837673501
840342192
843016545
845696566
848382261
851073636
853770697
856473450
859181901
861896056
864615921
867341502
870072805
872809836
875552601
878301106
881055357
883815360
886581121
889352646
892129941
894913012
897701865
900496506
903296941
906103176
908915217
911733070
914556741
917386236
920221561
923062722
925909725
928762576
931621281
934485846
937356277
940232580
943114761
946002826
948896781
951796632
954702385
957614046
960531621
963455116
966384537
969319890
972261181
975208416
978161601
981120742
984085845
987056916
990033961
993016986
996005997
999001000
1002002001
